 113 208  33  12 249 175  81  88 141  61 244  48   3 164 140 201
  25 126  30 150  37 107 197  17 173  51 181 239  40  50   1  29
  34 123 130 102 223 154 130 197 212  33 114  82 164 108  78 230
  31  47 123  36  17  29  24 164  26 209 145  96 160 252  68 188
   2 213 220 244 195 146 242 166 146 217 217  58  33 206 140 149
  96  46 147 217  93 185  58  21  18 228 217  99 239 237 163 236
  84 206  40  85  64 176 195 224  63 154  42 238   2  21   6  72
 245 129  77 181 198 156  18 120 214  18  49 181  24  83 184  16
 209 117 155 170 157  54 171 142 145   6 138 157  16  44 211 134
  22 201 149  90  63 133
